597590630925272139
516152703881097781
136714916516638355
310428906190036335
112459629010574879
167342399081804943
243630482698613611
617351861695489501
878785270287445283
702224246116183313
140563133504433797
774153123743434937
130281741885402563
175221899592938327
270148125643673483
487691299675211609
495571746297417321
400926530993790689
855339471175882247
768268736225548683
608412251591018687
784176260157363731
716059113172310547
726267136995848715
797298871482289063
206446432229480937
503761649359829925
195276809419301045
802988408637828501
413999533745611691
762955311202530135
484697612019747029
560553120852466391
331245115907221089
847196849729921927
952086141155251763
818278482443979579
144389068580760229
840863961699087509
644591225356620623
970815772912350295
539397991981148219
127596693878519487
484309147139817867
143836263046036151
802237144755683341
933977454746795665
338339974507405471
325827251401896073
850997620454702445
411751063276313879
398203526806774885
308020253494117081
321117242778420571
617287290127915863
605873552563559611
395372702216806293
496145345894963379
310919932520719249
361603544402007329
654811453472150767
355804818328079463
360341823315803217
258936467740065683
626724502355368171
963361713321398513
681865060735881737
415354084120634631
774395812825572651
843258042001422239
976736506788459437
261449597488132973
444217368856914047
994129681522624389
880047487461864845
247937820439209481
385683563869475329
952907702970376769
492972709606515859
648760970024709661
197954424215534961
458485025639386679
317427758807449321
343328536638645883
484829570336870861
296253282376050189
325975980241951663
515452051117009185
410447783181835783
128864822888757757
869964703275794201
795159732023339697
544665305642243523
598830047932519517
463581611649156949
773272884876323487
951514140217286679
228915271151798965
764631418966968723
586296233777907215
