872746611
343999143
931857635
633541055
149586939
731698409
228860415
840481715
443308099
788996389
278496347
202425393
600227961
667623305
297619227
801059395
273080645
360347203
672832145
985033281
244170757
775168631
236406993
384272583
928584225
244009951
767327587
460870973
662923969
765490601
818048905
652510869
428813271
847767633
719663617
387237149
230335123
180356491
785286945
326101101
778539817
509978499
158911675
612138667
821207865
912228281
876781595
985491113
604170937
334435139
488491729
664898445
725419955
270296623
741846765
238645805
166709587
455316387
559763943
697568187
697908393
996571349
774044727
530141515
198067667
258443753
449197861
572591139
443408403
827539947
112847125
189581139
233699249
906899307
744913555
440394885
447563831
578317439
927877505
171672095
432215289
303393547
831369453
553655711
164162637
676332025
394111301
522612311
582105155
768336027
633441633
178328853
793621535
673605383
691651425
861801271
664027823
501017815
867776077
531737401
