102063859
124354723
135723761
141254387
145791781
150708629
186304901
189247337
193455463
195653251
202634303
206665421
211777493
213939953
218089981
229580137
233015647
236630143
241078021
248314879
249196699
249571691
253600141
261780551
275021651
275417803
290258737
295132207
296772337
310856341
321791507
330095243
330720889
335254741
341295139
348591751
349173467
349897277
362885239
367805077
372537511
386215519
387256591
390112777
398464307
403567363
413121517
413763907
419253409
420121613
436472497
461987639
467318671
467786353
477958057
481389749
481863917
489815201
491072381
499861049
502388611
524180743
539779481
542148251
546064829
559403863
565092821
568872043
586297211
586619303
603047513
606996521
620401703
637112813
643900757
649894097
690309329
691518071
700781597
701458993
703410451
712272811
713552899
721918229
724799531
725471683
738190177
750544351
755288239
759339551
761781829
765777941
765993589
766006331
768801521
770481073
771554437
772212191
777547501
781434133
