163502518560750295
240460991979796153
586691386975588099
884640979386988205
718373300939410359
394422300149397627
767939564320748107
325877961796042567
870747777884348459
619813268481609211
887708225069818197
933828003095006689
172905193974239455
146278982339192415
389460683202732441
363747499497965203
146424535155052711
536580755450530029
119785626420761093
966352764445530609
816275588613061201
890567217660706941
613580678899156365
317405348129683735
211702769841508977
762116368275056679
117555476013992123
410419445378391085
777207298762712661
346979204079092819
379960989061008285
760798692148900689
404721143303776137
382628927583497285
980079767860642097
600626735072370629
473459098321085335
231690311803394255
123900785600029285
963430192491127013
670931571004131023
974529254199780193
563886056800610941
693508980613178685
658143825766206271
212634462852772509
269183952961138251
181054990341953859
253895075595935935
523298514275568383
671194304098837857
989688169979651209
849944590432853321
910787962920923147
127085039537882749
791030564129419409
367783850068145093
449193861598777277
856358706491684069
240937306042165989
120092734011935909
166688480716332953
571431083999814729
849606145114402421
884435573102882717
254443807379510931
523559838573403105
826064716297685685
259753340386645033
849182628512299625
587204875334953675
647988701907072547
796463486488296503
656312166519183053
309281715567524725
979528049655393015
814336742264510749
991773923171752655
180835194180727151
510988165966233955
465905098154305151
270686765315508971
714756177694855953
578767315534676909
353694096454964183
831160305155762709
214361306262011395
382373908747065215
118380828958199481
579731407992325525
657701021136673177
884101250060756227
576376513073745647
414831932903833041
751661484483402067
144450365577662571
534490595969767973
930869063034738223
737026466600441161
815100088459359805
